1 247.373 0.1
2 173.871 0.14
3 161.008 0.18
4 166.317 0.14
5 141.902 0.16
6 150.237 0.2
7 146.145 0.24
8 124.063 0.24
9 131.72 0.22
10 121.444 0.16
11 121.383 0.18
12 107.383 0.28
13 118.561 0.24
14 93.3767 0.5
15 94.6278 0.34
16 87.3984 0.46
17 78.6749 0.46
18 71.959 0.44
19 80.3471 0.5
20 72.6546 0.56
21 77.9021 0.46
22 68.3376 0.48
23 61.0063 0.64
24 67.4215 0.54
25 71.0319 0.54
26 68.1438 0.54
27 59.9607 0.58
28 48.1349 0.68
29 43.8262 0.7
30 56.5265 0.66
31 42.546 0.8
32 35.9649 0.7
33 43.7871 0.7
34 49.4633 0.7
35 42.7669 0.7
36 37.0377 0.8
37 60.1686 0.62
38 48.8224 0.68
39 37.8878 0.7
40 34.4371 0.84
41 43.8476 0.72
42 32.2177 0.84
43 33.5903 0.8
44 39.6157 0.74
45 66.2723 0.6
46 47.7023 0.7
47 32.8111 0.8
48 50.4483 0.7
49 44.7114 0.72
50 45.2958 0.72
51 43.5048 0.74
52 36.8099 0.82
53 30.8425 0.84
54 33.3526 0.76
55 36.7417 0.8
56 43.3089 0.7
57 33.4811 0.74
58 27.0433 0.84
59 27.5117 0.8
60 34.0417 0.82
61 32.9018 0.72
62 14.8123 0.92
63 44.6873 0.7
64 18.6641 0.88
65 38.4016 0.74
66 34.0872 0.84
67 27.1599 0.84
68 21.9519 0.86
69 32.4934 0.8
70 23.2214 0.9
71 18.6859 0.84
72 20.4512 0.88
73 29.0599 0.82
74 37.3902 0.76
75 52.6318 0.7
76 37.3299 0.72
77 29.5425 0.76
78 56.8465 0.6
79 31.7128 0.8
80 31.321 0.82
81 22.7295 0.84
82 26.9453 0.76
83 23.5198 0.86
84 17.0278 0.9
85 22.687 0.88
86 25.8344 0.86
87 25.904 0.86
88 27.6663 0.82
89 31.9204 0.86
90 17.2135 0.9
91 18.313 0.9
92 25.5384 0.82
93 17.6262 0.9
94 26.3347 0.8
95 11.831 0.9
96 28.7181 0.86
97 12.9763 0.9
98 16.4819 0.92
99 15.4797 0.92
100 17.6535 0.88
101 23.102 0.86
102 19.3107 0.9
103 21.1929 0.9
104 20.1251 0.86
105 36.3565 0.76
106 32.4904 0.74
107 15.0908 0.96
108 10.8797 0.98
109 20.4004 0.84
110 11.9576 0.94
111 12.6288 0.94
112 11.716 0.92
113 18.2235 0.88
114 15.4076 0.9
115 35.4082 0.78
116 25.2704 0.82
117 11.1006 0.96
118 18.6081 0.88
119 17.5328 0.86
120 22.0904 0.94
121 12.4888 0.9
122 15.314 0.88
123 14.4425 0.86
124 20.4853 0.92
125 22.3607 0.92
126 15.8131 0.92
127 11.0716 0.9
128 21.2017 0.86
129 11.1302 0.94
130 10.3905 0.96
131 19.8977 0.82
132 33.8262 0.8
133 21.6637 0.82
134 17.1798 0.9
135 32.0389 0.76
136 20.3668 0.88
137 12.6868 0.9
138 15.7661 0.9
139 13.5727 0.94
140 15.6498 0.86
141 10.741 0.94
142 18.9751 0.84
143 11.2576 0.94
144 21.0732 0.86
145 14.3821 0.9
146 23.2466 0.88
147 24.5263 0.82
148 28.7173 0.86
149 21.334 0.84
150 23.5543 0.84
151 27.7267 0.86
152 35.772 0.78
153 23.3469 0.86
154 33.3808 0.8
155 11.1131 0.94
156 18.5212 0.88
157 20.1037 0.84
158 11.6464 0.94
159 21.4684 0.82
160 26.8356 0.82
161 33.7735 0.82
162 37.5096 0.7
163 24.3071 0.84
164 23.8787 0.84
165 8.94892 0.94
166 9.22471 0.92
167 16.5766 0.9
168 15.4096 0.92
169 11.4333 0.92
170 15.4988 0.92
171 21.0767 0.88
172 7.24654 0.96
173 13.7984 0.92
174 28.249 0.82
175 25.692 0.86
176 14.5556 0.92
177 13.1912 0.92
178 19.8323 0.88
179 25.4002 0.8
180 27.2707 0.84
181 16.836 0.86
182 18.9672 0.9
183 28.8021 0.82
184 13.154 0.9
185 18.1206 0.9
186 28.401 0.84
187 26.6356 0.82
188 24.5835 0.82
189 16.7111 0.88
190 6.82601 0.98
191 28.1848 0.8
192 13.1619 0.94
193 28.407 0.82
194 35.4417 0.8
195 31.0644 0.82
196 37.5659 0.86
197 20.4293 0.92
198 17.777 0.84
199 12.5644 0.9
200 11.3829 0.94
201 7.76089 0.98
202 11.8177 0.92
203 25.1511 0.9
204 20.7918 0.86
205 11.8073 0.96
206 15.5816 0.9
207 7.37931 0.96
208 18.4849 0.9
209 17.8946 0.92
210 8.20117 0.96
211 14.9158 0.92
212 12.1471 0.92
213 10.8955 0.92
214 13.8421 0.9
215 22.8159 0.84
216 17.27 0.9
217 16.0482 0.92
218 30.353 0.74
219 19.9201 0.92
220 20.2558 0.88
221 31.7154 0.8
222 14.3902 0.9
223 9.30233 0.96
224 13.7317 0.88
225 11.7366 0.94
226 12.341 0.94
227 6.51213 0.96
228 13.3813 0.94
229 8.83586 0.94
230 11.6239 0.96
231 7.34816 0.94
232 16.8115 0.9
233 12.8271 0.94
234 16.2431 0.92
235 13.6938 0.9
236 25.4566 0.82
237 17.6829 0.88
238 14.5783 0.94
239 9.1581 0.98
240 29.9962 0.84
241 13.2004 0.9
242 19.6867 0.88
243 14.7142 0.9
244 11.1254 0.9
245 26.2049 0.82
246 10.3345 0.92
247 3.92412 0.98
248 9.20756 0.94
249 12.6022 0.9
250 16.8634 0.92
251 20.9485 0.88
252 18.8402 0.94
253 11.7962 0.96
254 21.6677 0.84
255 15.0939 0.94
256 14.705 0.94
257 17.7016 0.88
258 16.2143 0.9
259 9.98414 0.9
260 6.19838 0.96
261 15.3789 0.86
262 8.13579 0.96
263 6.5279 0.96
264 6.15458 0.98
265 9.304 0.96
266 6.00085 0.96
267 10.0351 0.96
268 10.7183 0.94
269 14.7293 0.9
270 14.7469 0.92
271 12.1418 0.96
272 15.4806 0.94
273 8.72702 0.94
274 13.4609 0.92
275 19.6287 0.9
276 7.26886 0.98
277 15.6928 0.9
278 3.45248 0.98
279 7.11035 0.94
280 7.24703 0.94
281 9.74026 0.94
282 13.7472 0.94
283 19.1317 0.9
284 12.4388 0.92
285 11.3767 0.94
286 9.24123 0.96
287 10.9932 0.98
288 12.274 0.9
289 8.787 0.92
290 7.85309 0.96
291 18.3993 0.86
292 13.9342 0.9
293 8.37426 0.94
294 2.5998 1.0
295 3.67842 0.98
296 9.30524 0.94
297 18.4027 0.9
298 10.9304 0.9
299 9.55057 0.92
300 9.02791 0.98
301 14.491 0.9
302 15.162 0.92
303 14.3922 0.94
304 24.6781 0.8
305 14.4801 0.88
306 12.4319 0.94
307 7.19343 0.94
308 11.7169 0.94
309 7.30537 0.94
310 3.1309 1.0
311 11.0716 0.94
312 15.7262 0.9
313 10.2639 0.92
314 16.1917 0.92
315 14.4875 0.92
316 26.3317 0.88
317 11.1331 0.98
318 19.3499 0.88
319 20.9332 0.9
320 14.4398 0.9
321 14.9057 0.9
322 7.66638 0.96
323 14.4005 0.88
324 8.77706 0.96
325 10.4846 0.94
326 5.38605 0.96
327 10.6148 0.94
328 14.5409 0.88
329 11.6736 0.92
330 4.07972 1.0
331 11.1192 0.92
332 15.3863 0.9
333 7.8524 0.96
334 10.6698 0.94
335 9.52179 0.92
336 3.74782 1.0
337 4.51649 1.0
338 10.5794 0.94
339 9.4045 0.92
340 11.3886 0.94
341 3.16367 0.98
342 8.18673 0.96
343 18.9137 0.84
344 9.88478 0.92
345 20.6224 0.9
346 14.2346 0.9
347 10.5288 0.9
348 3.60964 0.98
349 13.51 0.9
350 25.1732 0.8
351 19.594 0.88
352 30.396 0.84
353 21.6629 0.88
354 10.7272 0.92
355 9.82152 0.9
356 10.0912 0.92
357 9.47631 0.92
358 8.85638 0.96
359 5.12675 0.98
360 3.97095 0.98
361 7.60564 0.96
362 17.6763 0.9
363 10.8914 0.92
364 7.3921 0.96
365 9.14198 0.92
366 4.87562 0.98
367 7.26777 0.98
368 12.0438 0.94
369 7.79766 0.98
370 8.67237 0.96
371 7.66551 0.96
372 8.43808 0.94
373 10.2809 0.96
374 12.5951 0.94
375 22.6192 0.9
376 6.6 0.98
377 11.4478 0.94
378 9.21346 0.94
379 11.3998 0.94
380 13.5672 0.92
381 9.20219 0.94
382 12.224 0.9
383 8.70379 0.98
384 7.69874 0.94
385 7.13564 0.98
386 21.495 0.84
387 7.51922 0.94
388 4.82412 0.96
389 9.02818 0.96
390 8.22166 0.96
391 11.6954 0.94
392 9.62339 0.94
393 13.6646 0.92
394 11.4673 0.92
395 14.631 0.94
396 20.1806 0.88
397 6.32096 0.98
398 9.42936 0.94
399 14.0789 0.94
400 12.788 0.94
401 3.30403 1.0
402 10.3662 0.94
403 6.66334 0.96
404 15.1933 0.9
405 13.4359 0.92
406 7.81503 0.98
407 19.379 0.86
408 8.76826 0.94
409 2.41845 1.0
410 11.6872 0.94
411 8.68281 0.98
412 10.7519 0.92
413 5.61879 0.98
414 7.60288 0.98
415 6.70975 0.94
416 10.9062 0.92
417 20.0304 0.92
418 10.2402 0.92
419 12.4022 0.92
420 5.33856 0.96
421 10.0752 0.9
422 5.98803 0.94
423 7.36545 0.92
424 5.22722 0.96
425 7.08408 0.94
426 10.2146 0.96
427 6.12853 0.96
428 26.1203 0.88
429 10.8046 0.96
430 8.73664 0.94
431 12.5941 0.92
432 7.7659 0.96
433 29.3203 0.86
434 5.93392 0.96
435 27.8552 0.76
436 10.5649 0.96
437 4.4983 0.96
438 22.1686 0.92
439 7.67093 0.98
440 4.90575 0.94
441 6.03588 0.94
442 5.49805 0.98
443 9.90205 0.9
444 25.2906 0.82
445 11.5319 0.92
446 9.21021 0.96
447 5.25143 1.0
448 4.37311 0.98
449 7.00206 0.98
450 10.9049 0.94
451 16.8498 0.92
452 4.56345 0.98
453 9.74382 0.94
454 8.93092 0.94
455 13.6052 0.92
456 7.61472 0.94
457 14.138 0.92
458 5.11701 0.98
459 3.57572 0.96
460 7.42664 0.94
461 3.54268 0.98
462 6.13027 0.96
463 11.6214 0.92
464 11.0707 0.94
465 4.83858 0.96
466 4.99959 0.96
467 5.12635 0.96
468 26.8904 0.88
469 5.18485 0.98
470 5.60991 0.98
471 11.1315 0.94
472 8.77127 0.96
473 18.4769 0.92
474 11.8786 0.9
475 10.0297 0.94
476 9.41984 0.92
477 6.07552 0.94
478 5.76654 0.96
479 7.72403 0.94
480 10.0563 0.9
481 6.34436 0.98
482 11.0117 0.9
483 9.27168 0.94
484 16.7329 0.9
485 11.3917 0.92
486 5.04138 0.98
487 13.5618 0.92
488 7.64235 0.98
489 11.0284 0.98
490 5.33046 0.96
491 9.6496 0.92
492 11.6354 0.94
493 2.28868 1.0
494 12.897 0.94
495 16.2241 0.9
496 10.5407 0.94
497 21.5233 0.86
498 10.3936 0.94
499 12.2415 0.92
500 14.9801 0.88
501 11.589 0.9
502 12.7102 0.92
503 15.0952 0.94
504 10.8747 0.94
505 10.8879 0.92
506 5.28174 0.96
507 6.4371 0.98
508 5.39008 0.96
509 8.90083 0.92
510 10.0891 0.96
511 18.1715 0.94
512 9.65201 0.92
513 17.5265 0.92
514 16.5601 0.88
515 7.82554 0.94
516 9.17097 0.94
517 11.5726 0.92
518 12.717 0.9
519 12.0336 0.94
520 10.5699 0.92
521 10.381 0.96
522 5.44508 0.96
523 20.5137 0.88
524 14.3157 0.92
525 7.11527 0.94
526 10.2693 0.96
527 28.2897 0.84
528 5.22186 0.98
529 10.6215 0.94
530 8.8278 0.96
531 5.74001 0.96
532 9.96342 0.98
533 5.8645 0.98
534 19.6202 0.86
535 26.5346 0.86
536 9.23548 0.92
537 4.33594 0.98
538 7.91136 0.98
539 6.71349 0.96
540 9.74894 0.92
541 15.0372 0.9
542 6.44261 0.96
543 12.9458 0.94
544 9.74262 0.96
545 7.0029 0.96
546 14.6231 0.92
547 16.5022 0.92
548 8.38899 0.96
549 16.0835 0.9
550 14.4324 0.9
551 7.60471 0.96
552 4.67666 0.96
553 2.15669 1.0
554 13.1113 0.92
555 6.40444 0.98
556 14.2207 0.96
557 9.88278 0.94
558 8.9787 0.96
559 6.42154 0.98
560 2.03107 1.0
561 6.39057 0.96
562 8.91299 0.94
563 6.96171 0.96
564 7.79298 0.96
565 10.9654 0.96
566 4.63622 0.98
567 7.42155 0.96
568 13.3176 0.92
569 7.64313 0.96
570 4.43991 0.98
571 8.3454 0.98
572 8.17141 0.94
573 3.68772 0.98
574 5.74185 0.96
575 2.20002 1.0
576 11.4767 0.94
577 3.78432 1.0
578 5.67629 0.96
579 1.64807 1.0
580 6.43103 0.96
581 11.184 0.96
582 7.08675 0.96
583 8.44937 0.96
584 3.07045 0.98
585 5.65526 0.94
586 1.64884 1.0
587 5.75517 0.98
588 7.99052 0.94
589 15.7418 0.92
590 5.49076 0.98
591 13.1733 0.92
592 9.50271 0.96
593 5.61519 0.98
594 19.0117 0.9
595 14.58 0.92
596 8.12888 0.96
597 16.9922 0.9
598 7.61904 0.96
599 12.1719 0.88
600 4.04603 0.98
601 2.33614 1.0
602 7.06548 0.94
603 8.34115 0.94
604 6.68408 0.98
605 13.9049 0.94
606 2.90619 1.0
607 6.71075 0.96
608 7.33258 0.96
609 5.47006 0.98
610 13.002 0.94
611 4.67337 0.96
612 3.89777 0.98
613 12.7391 0.94
614 8.21001 0.92
615 4.4345 0.96
616 6.38994 0.94
617 4.96066 0.98
618 6.99367 0.96
619 6.60287 0.96
620 8.66378 0.96
621 15.1147 0.88
622 12.1763 0.92
623 14.469 0.92
624 4.35114 0.98
625 9.20049 0.94
626 5.84009 0.98
627 5.37544 0.96
628 5.32896 0.98
629 9.29448 0.94
630 6.91301 0.96
631 5.04712 0.98
632 5.57986 0.98
633 4.68893 0.98
634 2.02338 1.0
635 13.9643 0.94
636 14.1662 0.92
637 10.4712 0.94
638 10.2697 0.92
639 6.02901 0.96
640 2.39556 1.0
641 14.2067 0.94
642 10.1957 0.96
643 10.0919 0.94
644 8.83412 0.94
645 6.81925 0.92
646 14.2561 0.94
647 13.2176 0.94
648 19.3422 0.9
649 15.5784 0.94
650 19.4037 0.88
651 13.8223 0.88
652 7.56414 0.94
653 6.88313 0.94
654 6.66004 0.94
655 15.652 0.92
656 7.64409 0.94
657 14.2771 0.92
658 4.15708 1.0
659 9.14048 0.92
660 6.49728 0.96
661 7.88657 0.96
662 7.37395 0.94
663 3.56487 0.98
664 5.35224 0.98
665 10.1092 0.92
666 7.14085 0.96
667 8.76616 0.94
668 12.8206 0.9
669 4.56748 0.98
670 1.59126 1.0
671 15.2218 0.9
672 12.5145 0.9
673 9.87934 0.94
674 8.44346 0.94
675 5.19143 0.96
676 13.6631 0.94
677 2.05181 1.0
678 2.60983 0.98
679 4.06334 0.98
680 4.20637 1.0
681 5.74424 0.96
682 1.92051 1.0
683 6.08267 0.96
684 8.72594 0.98
685 3.77696 0.98
686 10.1085 0.92
687 21.0725 0.88
688 9.50401 0.96
689 14.8835 0.94
690 6.96825 0.96
691 5.85178 0.96
692 6.41747 0.96
693 13.2097 0.86
694 10.7004 0.92
695 5.32302 0.96
696 9.7153 0.94
697 14.0391 0.88
698 13.0934 0.9
699 10.3741 0.92
700 6.81326 0.96
701 5.23041 0.98
702 4.24638 1.0
703 8.4201 0.94
704 2.81745 1.0
705 3.97885 0.98
706 7.583 0.92
707 4.30068 0.98
708 9.29806 0.96
709 2.64805 1.0
710 16.2082 0.9
711 5.68229 0.98
712 9.17754 0.94
713 9.24607 0.94
714 4.42926 0.96
715 6.53002 0.96
716 5.07916 0.98
717 4.46821 0.98
718 6.24173 0.96
719 2.65528 0.98
720 8.17489 0.96
721 8.76721 0.96
722 9.60729 0.96
723 3.92227 0.98
724 5.61517 0.96
725 6.39548 0.94
726 21.4241 0.9
727 12.374 0.92
728 9.78597 0.92
729 10.8993 0.94
730 12.2564 0.94
731 15.2855 0.92
732 7.39592 0.96
733 12.155 0.9
734 4.96563 0.96
735 7.03908 0.96
736 6.09396 0.98
737 5.46553 0.96
738 4.19572 0.98
739 7.36662 0.96
740 8.29402 0.94
741 10.346 0.94
742 7.39345 0.96
743 9.34038 0.94
744 8.15856 0.96
745 9.10657 0.94
746 4.90334 0.96
747 6.64968 0.96
748 9.71976 0.9
749 15.121 0.94
750 12.6081 0.94
751 19.9587 0.86
752 8.07817 0.98
753 6.42529 0.96
754 7.88672 0.94
755 8.7034 0.96
756 9.73923 0.92
757 7.85907 0.92
758 18.6223 0.9
759 10.2491 0.94
760 9.8806 0.96
761 8.07609 0.94
762 7.99332 0.98
763 6.49198 0.98
764 4.57232 0.96
765 11.7248 0.94
766 2.57667 1.0
767 1.6126 1.0
768 4.36397 0.98
769 4.57851 0.98
770 4.97897 0.96
771 7.73228 0.96
772 8.19855 0.98
773 4.38888 0.96
774 15.9815 0.92
775 4.36719 0.96
776 9.05573 0.92
777 7.31343 0.94
778 7.8579 0.96
779 5.43618 1.0
780 17.001 0.96
781 4.57408 0.98
782 3.74811 1.0
783 7.9405 0.98
784 4.79638 0.98
785 8.75785 0.94
786 10.9924 0.9
787 7.01799 0.94
788 9.93741 0.98
789 10.8337 0.94
790 13.7112 0.94
791 9.12835 0.98
792 2.99673 0.98
793 3.02445 0.98
794 4.31954 0.96
795 5.19057 0.96
796 6.89507 0.92
797 11.3954 0.94
798 11.4874 0.92
799 7.46052 0.96
800 9.93944 0.9
801 10.0695 0.96
802 9.32133 0.94
803 14.1002 0.94
804 8.13434 0.96
805 4.93825 0.94
806 3.06747 0.98
807 3.21183 0.98
808 4.15057 0.96
809 10.8964 0.94
810 6.93661 0.96
811 10.9945 0.92
812 6.39809 0.98
813 7.1408 0.96
814 7.7699 0.94
815 2.81947 1.0
816 6.55527 0.98
817 12.1712 0.92
818 13.989 0.9
819 7.16943 0.96
820 9.93247 0.92
821 11.6167 0.9
822 11.9196 0.94
823 9.56056 0.96
824 5.75015 0.98
825 9.74766 0.98
826 13.8167 0.9
827 8.58471 0.94
828 11.7855 0.92
829 15.0337 0.92
830 3.35096 0.98
831 1.60495 1.0
832 4.51359 0.98
833 8.30391 0.94
834 6.51644 0.96
835 14.2158 0.92
836 2.53668 1.0
837 4.99615 0.98
838 8.82018 0.96
839 4.06315 0.98
840 6.35012 0.96
841 10.5732 0.94
842 4.33946 0.96
843 3.15001 0.98
844 4.93869 0.96
845 16.022 0.88
846 11.578 0.92
847 8.48017 0.98
848 8.22012 0.94
849 11.0816 0.94
850 7.86472 0.94
851 2.47472 1.0
852 7.07126 0.96
853 9.96786 0.96
854 8.633 0.94
855 2.68053 1.0
856 8.43185 0.94
857 7.08821 0.96
858 3.57755 1.0
859 12.9565 0.86
860 3.44297 0.98
861 5.1072 0.96
862 7.34668 0.96
863 5.42165 0.98
864 5.98521 0.96
865 1.78096 1.0
866 11.5033 0.9
867 4.99643 0.98
868 16.2407 0.86
869 1.27003 1.0
870 2.79989 0.98
871 6.63191 0.94
872 3.92195 0.98
873 9.39908 0.96
874 3.66643 0.98
875 1.59296 1.0
876 4.36923 0.98
877 6.74716 0.94
878 3.93629 0.98
879 15.2008 0.94
880 14.0152 0.9
881 16.0511 0.92
882 10.5824 0.94
883 3.24137 1.0
884 4.20383 0.98
885 13.0737 0.92
886 3.29118 0.98
887 4.14371 0.98
888 1.52746 1.0
889 4.9228 0.96
890 11.7872 0.9
891 27.4232 0.84
892 11.3175 0.92
893 9.26455 0.96
894 12.7215 0.92
895 4.97624 0.96
896 1.53759 1.0
897 4.84532 0.96
898 19.1946 0.86
899 8.29901 0.96
900 8.02951 0.94
901 3.89864 1.0
902 5.72023 0.98
903 4.0773 0.98
904 3.96379 1.0
905 15.2287 0.9
906 3.43789 0.98
907 14.2998 0.9
908 18.3786 0.88
909 22.3153 0.86
910 5.13874 0.96
911 11.4233 0.96
912 6.52891 0.98
913 12.1735 0.96
914 2.26161 1.0
915 11.9421 0.94
916 4.00312 1.0
917 7.28369 0.96
918 5.08737 0.98
919 2.60883 1.0
920 1.37134 1.0
921 2.46643 0.98
922 3.88348 1.0
923 3.10734 1.0
924 10.4741 0.94
925 9.38454 0.94
926 9.59293 0.94
927 7.58152 0.92
928 2.16323 0.98
929 3.52005 0.98
930 5.84654 0.98
931 9.89663 0.94
932 1.63942 1.0
933 4.16026 0.96
934 7.04503 0.96
935 4.16646 0.98
936 8.05238 0.96
937 1.07434 1.0
938 3.92562 0.96
939 7.47039 0.96
940 13.9609 0.9
941 6.76653 0.96
942 9.8664 0.92
943 13.6569 0.92
944 6.63034 0.96
945 10.9415 0.92
946 7.14576 0.94
947 8.74824 0.98
948 4.59184 0.98
949 2.57111 0.98
950 4.2897 0.96
951 3.27493 0.98
952 1.87922 1.0
953 3.38561 1.0
954 5.04611 0.98
955 15.4678 0.92
956 1.43573 1.0
957 6.18526 0.96
958 11.0004 0.94
959 20.8063 0.9
960 14.9546 0.92
961 7.17523 0.96
962 3.36322 0.98
963 4.64969 0.98
964 13.3945 0.94
965 10.9614 0.96
966 0.955399 1.0
