1 476.446 93038.4
101 26.423 5419.06
201 9.20221 3308.02
301 18.8577 2652.8
401 4.57763 2158.62
501 10.012 1937.14
601 3.25086 1692.13
701 8.40919 1674.04
801 10.2694 1437.58
901 3.13665 1339.29
1001 4.68208 1215.47
1101 7.04251 1311.1
1201 2.18923 1104.09
1301 3.83214 1079.4
1401 2.25226 1033.69
1501 4.7279 973.35
1601 6.22996 1006.83
1701 11.3094 913.99
1801 2.32752 831.35
1901 3.07252 855.03
2001 1.97749 750.29
2101 2.97205 776.746
2201 0.850536 705.181
2301 8.21532 677.642
2401 9.98067 694.923
2501 1.31076 617.001
2601 5.28489 612.196
2701 1.15122 585.954
2801 0.659887 608.897
2901 3.23978 618.086
3001 2.65204 561.061
3101 4.41707 591.88
3201 6.09455 560.737
3301 5.15061 504.121
3401 2.60841 529.401
3501 0.554721 545.522
3601 1.52265 498.287
3701 3.4357 524.351
3801 2.97775 444.636
3901 0.485911 443.213
4001 0.884766 453.117
4101 4.75405 415.424
4201 0.941422 463.697
4301 3.55434 420.567
4401 2.85585 421.03
4501 0.35793 426.151
4601 0.3569 388.868
4701 0.90236 418.475
4801 5.55428 387.187
4901 0.103067 441.483
5001 0.272016 354.81
5101 3.38824 380.521
5201 0.308627 365.338
5301 0.836936 402.696
5401 0.69959 370.654
5501 1.53931 333.959
5601 1.04338 374.825
5701 0.261172 406.108
5801 1.28776 352.879
5901 2.76559 345.449
6001 2.57293 376.265
6101 0.610913 361.013
6201 5.27717 351.701
6301 1.35018 378.669
6401 0.220416 341.105
6501 0.536507 336.487
6601 0.157162 325.6
6701 0.218225 321.471
6801 0.303602 330.187
6901 0.0434022 312.312
7001 0.560583 322.411
7101 1.15206 286.363
7201 0.477313 312.299
7301 0.254717 304.89
7401 0.398232 328.362
7501 0.692736 301.844
7601 1.2812 283.186
7701 0.130363 268.337
7801 0.0369033 287.881
7901 0.567515 295.294
8001 0.059751 337.751
8101 1.66064 291.911
8201 0.394496 269.594
8301 0.182011 279.139
8401 0.74066 266.448
8501 0.737712 334.952
8601 6.27228 278.496
8701 4.35376 308.818
8801 1.98501 270.754
8901 0.222426 291.877
9001 0.856062 268.021
9101 0.13422 304.617
9201 0.0367233 273.508
9301 1.42094 268.915
9401 0.0826301 265.422
9501 3.05895 249.224
9601 1.1828 257.493
9701 4.12496 253.127
9801 0.3684 266.91
9901 0.0553885 289.368
10001 0.0885354 279.351
10101 0.12978 272.011
10201 0.0408129 250.207
10301 1.84896 270.14
10401 0.91286 273.584
10501 0.165693 265.691
10601 0.320421 267.78
10701 1.14841 267.708
10801 0.106899 323.855
10901 0.0662685 249.572
11001 0.0798153 253.355
11101 0.0328727 253.282
11201 0.0764064 264.423
11301 0.700877 241.989
11401 0.159076 258.44
11501 0.0276748 252.832
11601 0.103275 239.72
11701 0.450724 261.966
11801 0.13277 261.547
11901 0.089283 235.646
12001 0.401416 234.919
12101 0.0819588 231.98
12201 0.0758192 258.557
12301 0.0750529 230.255
12401 0.272227 232.844
12501 0.0622413 256.529
12601 0.09511 290.036
12701 0.0275715 229.288
12801 0.476683 242.081
12901 0.294871 238.167
13001 0.398602 246.416
13101 0.586831 239.664
13201 0.0241132 248.42
13301 0.14162 237.25
13401 0.193481 241.101
13501 0.0173038 245.987
13601 0.668502 238.051
13701 0.00928182 258.602
13801 0.0256211 251.221
13901 0.0215447 215.743
14001 0.0382726 214.733
14101 1.53521 260.403
14201 0.0979382 247.531
14301 0.0237826 218.468
14401 1.61807 226.936
14501 1.15219 234.933
14601 0.934527 255.477
14701 0.0128344 260.147
14801 0.0304296 231.074
14901 1.32328 269.035
15001 0.0270151 227.327
15101 0.220287 257.142
15201 0.173632 216.625
15301 0.553942 229.418
15401 0.0106278 213.659
15501 0.0374237 223.993
15601 0.487097 234.518
15701 0.523571 227.364
15801 0.0159241 227.668
15901 0.0743455 274.045
16001 0.242114 233.106
16101 0.354308 224.2
16201 0.124913 256.852
16301 0.0429694 221.539
16401 0.0230995 237.501
16501 0.0860976 205.343
16601 0.0234916 216.574
16701 0.101454 224.198
16801 0.00850414 245.101
16901 0.059719 244.177
17001 0.131815 214.568
17101 0.127786 230.878
17201 0.0115568 226.792
17301 0.12893 221.248
17401 0.0981816 230.106
17501 0.0561075 230.704
17601 0.10654 227.07
17701 0.149953 222.528
17801 0.00955219 231.249
17901 0.0810025 231.305
18001 0.196992 231.863
18101 0.00250935 217.273
18201 0.373445 222.617
18301 0.389884 265.192
18401 0.0011702 212.557
18501 0.0144478 222.238
18601 0.0107746 237.944
18701 0.0389869 203.986
18801 0.081811 207.281
18901 0.0425018 227.372
19001 0.00188674 240.375
19101 0.00939183 232.767
19201 0.317244 229.364
19301 0.0787112 234.717
19401 0.118866 231.202
19501 0.255164 245.963
19601 0.135557 278.095
19701 0.199937 214.566
19801 0.124578 231.072
19901 0.0163496 228.216
